0 -1 1098 1000.000000
0 -1 -1 1000.000000
0 2473 141 48.965199
0 -1 129 1000.000000
0 -1 122 1000.000000
0 -1 -1 1000.000000
0 -1 -1 1000.000000
0 -1 1579 1000.000000
0 608 1577 36.105190
0 599 1572 33.899231
0 596 1561 34.530788
0 595 1566 37.767788
0 -1 -1 1000.000000
0 1110 2046 33.767761
0 1068 2004 35.331470
0 1095 2000 36.476215
0 1098 1999 39.172489
0 -1 -1 1000.000000
0 141 -1 1000.000000
0 129 2473 43.451134
0 122 -1 1000.000000
0 -1 -1 1000.000000
0 -1 -1 1000.000000
0 1579 -1 1000.000000
0 1577 -1 1000.000000
0 1572 608 37.130173
0 1561 599 33.144608
0 1566 596 35.982220
0 -1 595 1000.000000
0 2046 -1 1000.000000
0 2004 1110 34.704689
0 2000 1068 37.594765
0 1999 1095 38.515041
1 -1 1101 1000.000000
1 2480 174 45.394646
1 2469 157 39.237244
1 2468 161 40.004963
1 2467 165 41.235622
1 -1 91 1000.000000
1 -1 -1 1000.000000
1 643 1576 31.837671
1 641 1600 28.116222
1 625 1559 31.523874
1 627 1567 31.495390
1 634 1571 32.968800
1 1111 2047 31.639009
1 1104 2040 33.905899
1 1093 2029 32.056332
1 1099 2033 32.727627
1 1101 -1 1000.000000
1 174 2480 45.394646
1 157 2469 39.237244
1 161 2468 40.004963
1 165 2467 41.235622
1 91 -1 1000.000000
1 -1 -1 1000.000000
1 1576 643 31.837671
1 1600 641 28.116222
1 1559 625 31.523874
1 1567 627 31.495390
1 1571 634 32.968800
1 2047 1111 31.639009
1 2040 1104 33.905899
1 2029 1093 32.056332
1 2033 1099 32.727627
2 2037 175 37.252396
2 2513 196 35.006393
2 2497 158 36.335400
2 2501 167 35.084743
2 -1 92 1000.000000
2 -1 -1 1000.000000
2 639 1602 33.524796
2 664 1601 24.466463
2 623 1592 34.235844
2 631 1496 36.725391
2 559 -1 1000.000000
2 1132 2068 26.347092
2 1133 2027 29.815414
2 1087 2035 37.612198
2 175 2037 37.252396
2 196 2513 35.006393
2 158 2497 36.335400
2 167 2501 35.084743
2 92 -1 1000.000000
2 -1 -1 1000.000000
2 1602 639 33.524796
2 1601 664 24.466463
2 1592 623 34.235844
2 1496 631 36.725391
2 -1 559 1000.000000
2 2068 1132 26.347092
2 2027 1133 29.815414
2 2035 1087 37.612198
3 -1 -1 1000.000000
3 -1 -1 1000.000000
3 2536 197 29.790174
3 2495 190 37.604801
3 2503 188 37.403736
3 2430 52 51.182213
3 -1 -1 1000.000000
3 -1 -1 1000.000000
3 661 -1 1000.000000
3 665 1603 28.697582
3 656 1598 31.893764
3 619 1620 35.151436
3 556 1623 37.296223
3 1139 -1 1000.000000
3 1127 2077 35.181480
3 1126 2070 33.513027
3 1155 2065 30.116903
3 994 2069 41.359268
3 -1 -1 1000.000000
3 -1 -1 1000.000000
3 197 -1 1000.000000
3 190 2536 33.661121
3 188 2495 38.769192
3 52 2503 46.165020
3 -1 2430 1000.000000
3 -1 -1 1000.000000
3 -1 -1 1000.000000
3 1603 661 31.037868
3 1598 665 26.411188
3 1620 656 32.706909
3 1623 619 36.131683
3 -1 556 1000.000000
3 2077 1139 39.148193
3 2070 1127 32.523113
3 2065 1126 31.171696
3 2069 1155 28.338785
3 -1 994 1000.000000
4 2543 1156 34.638317
4 2537 205 36.992207
4 2527 194 35.890144
4 2491 220 36.931953
4 -1 58 1000.000000
4 -1 -1 1000.000000
4 667 1628 31.104744
4 662 1621 28.841259
4 657 1624 30.038023
4 687 -1 1000.000000
4 1140 2096 34.344986
4 1160 2066 29.812004
4 1152 2092 29.192091
4 1156 1930 43.631180
4 205 2543 43.588989
4 194 2537 31.371983
4 220 2527 32.961800
4 58 2491 52.356976
4 -1 -1 1000.000000
4 1628 -1 1000.000000
4 1621 667 31.383152
4 1624 662 28.114496
4 -1 657 1000.000000
4 2096 687 28.863411
4 2066 1140 35.238373
4 2092 1160 27.995785
4 1930 1152 44.685913
5 -1 -1 1000.000000
5 2534 -1 1000.000000
5 2529 222 34.107433
5 2560 246 26.418617
5 2393 16 56.838745
5 -1 29 1000.000000
5 -1 -1 1000.000000
5 -1 1657 1000.000000
5 692 1629 27.901417
5 690 1649 23.934286
5 714 1650 21.002981
5 688 1435 41.881477
5 -1 -1 1000.000000
5 -1 -1 1000.000000
5 -1 2094 1000.000000
5 1158 2118 25.404751
5 1182 1897 39.701424
5 1173 -1 1000.000000
5 -1 -1 1000.000000
5 -1 -1 1000.000000
5 222 2534 32.579807
5 246 2529 30.288383
5 16 2560 42.302105
5 29 2393 58.477936
5 -1 -1 1000.000000
5 1657 -1 1000.000000
5 1629 -1 1000.000000
5 1649 692 24.118649
5 1650 690 24.268541
5 1435 714 38.841404
5 -1 688 1000.000000
5 -1 -1 1000.000000
5 2094 -1 1000.000000
5 2118 -1 1000.000000
5 1897 1158 42.550442
5 -1 1182 1000.000000
5 -1 1173 1000.000000
6 -1 -1 1000.000000
6 2562 225 31.035017
6 2557 245 26.377119
6 2586 232 28.733431
6 -1 32 1000.000000
6 -1 -1 1000.000000
6 -1 1656 1000.000000
6 -1 1651 1000.000000
6 721 1647 25.337112
6 693 1639 28.651497
6 713 -1 1000.000000
6 705 -1 1000.000000
6 499 2125 41.420471
6 1189 2119 27.783899
6 1183 2117 24.355738
6 1181 2106 27.715057
6 1170 1903 45.788269
6 -1 -1 1000.000000
6 -1 -1 1000.000000
6 225 2562 31.035017
6 245 2557 26.377119
6 232 2586 28.733431
6 32 -1 1000.000000
6 -1 -1 1000.000000
6 1656 -1 1000.000000
6 1651 -1 1000.000000
6 1647 721 25.337112
6 1639 693 28.651497
6 -1 713 1000.000000
6 -1 705 1000.000000
6 2125 499 41.420471
6 2119 1189 27.783899
6 2117 1183 24.355738
6 2106 1181 27.715057
6 1903 1170 45.788269
6 -1 -1 1000.000000
7 2585 -1 1000.000000
7 2582 274 21.865419
7 2577 235 34.380154
7 2371 -1 1000.000000
7 -1 1678 1000.000000
7 718 1679 22.433487
7 742 1669 20.663267
7 711 2146 18.447910
7 -1 2115 1000.000000
7 1188 2107 30.112389
7 1210 -1 1000.000000
7 1201 2593 28.912880
7 -1 2585 1000.000000
7 274 2582 21.865419
7 235 2577 34.380154
7 -1 2371 1000.000000
7 1678 -1 1000.000000
7 1679 718 22.433487
7 1669 742 20.663267
7 2146 711 18.447910
7 2115 -1 1000.000000
7 2107 1188 30.112389
7 -1 1210 1000.000000
7 2593 1201 28.912880
8 2614 1234 17.246334
8 2615 275 16.856535
8 2372 264 42.036934
8 -1 298 1000.000000
8 741 1676 19.493967
8 743 1700 15.885436
8 735 1704 19.463732
8 766 2147 13.413055
8 1211 2136 21.452581
8 1234 2139 21.414284
8 275 2614 17.498499
8 264 2615 20.406708
8 298 2372 35.067051
8 1676 -1 1000.000000
8 1700 741 16.565395
8 1704 743 13.744159
8 2147 735 20.314816
8 2136 766 17.395126
8 2139 1211 22.588089
9 2171 272 14.970219
9 2606 299 15.173821
9 2639 1712 14.232353
9 775 1699 18.652973
9 761 1703 14.015208
9 767 2165 12.554739
9 1229 2169 17.694120
9 1235 -1 1000.000000
9 272 2171 14.970219
9 299 2606 15.173821
9 1712 2639 14.232353
9 1699 775 18.652973
9 1703 761 14.015208
9 2165 767 12.554739
9 2169 1229 17.694120
9 -1 1235 1000.000000
10 2648 294 16.312433
10 2641 286 21.400070
10 2636 1731 16.183464
10 2637 1698 15.547178
10 770 1726 21.528738
10 762 2180 17.048851
10 1244 2174 20.574362
10 1230 2166 20.120903
10 302 -1 1000.000000
10 294 2648 16.312433
10 286 2641 21.400070
10 1731 2636 16.183464
10 1698 2637 15.547178
10 1726 770 21.528738
10 2180 762 17.048851
10 2174 1244 20.574362
10 2166 1230 20.120903
10 -1 302 1000.000000
11 2634 327 15.620951
11 2626 320 21.132307
11 797 1733 13.288898
11 795 1728 17.335739
11 790 2201 16.528658
11 1265 2196 17.447510
11 329 -1 1000.000000
11 327 2634 15.620951
11 320 2626 21.132307
11 1733 797 13.288898
11 1728 795 17.335739
11 2201 790 16.528658
11 2196 1265 17.447510
11 -1 329 1000.000000
12 2664 328 16.309166
12 2660 325 16.721443
12 825 318 16.804567
12 796 1761 17.859802
12 793 1752 15.937577
12 789 2200 16.905514
12 1293 2198 19.719360
12 1264 2191 20.757416
12 1257 2669 18.695635
12 328 2667 15.234232
12 325 2664 15.766071
12 318 2660 18.950762
12 1761 825 17.908316
12 1752 796 16.451975
12 2200 793 15.699383
12 2198 789 17.060478
12 2191 1293 19.857664
12 2669 1264 17.047880
12 2667 1257 19.401371
13 2661 347 14.233899
13 2690 348 8.699552
13 811 350 11.075957
13 815 1754 14.465887
13 816 2220 10.772966
13 818 2222 10.161503
13 344 -1 1000.000000
13 347 2661 14.233899
13 348 2690 8.699552
13 350 811 11.075957
13 1754 815 14.465887
13 2220 816 10.772966
13 2222 818 10.161503
13 -1 344 1000.000000
14 2685 340 15.833555
14 2688 1785 13.647969
14 2689 1778 15.948806
14 814 2248 15.481951
14 1313 2218 18.233576
14 1310 2241 21.195837
14 387 2692 21.034592
14 346 2686 14.398007
14 340 2685 15.833555
14 1785 2688 13.647969
14 1778 2689 15.948806
14 2248 814 15.481951
14 2218 1313 18.233576
14 2241 1310 21.195837
14 2692 387 21.034592
14 2686 346 14.398007
15 849 369 14.581927
15 848 1784 13.125746
15 839 2253 16.510220
15 1317 2252 13.971622
15 378 2244 13.885763
15 374 2720 11.925020
15 371 2714 14.590139
15 369 849 14.581927
15 1784 848 13.125746
15 2253 839 16.510220
15 2252 1317 13.971622
15 2244 378 13.885763
15 2720 374 11.925020
15 2714 371 14.590139
16 877 401 15.657387
16 875 1835 27.981588
16 865 1803 24.417772
16 866 2280 20.130281
16 1345 2274 21.492847
16 1343 2272 20.974665
16 409 2749 18.919140
16 407 2715 18.727215
16 398 2735 17.168589
16 401 2710 16.035696
16 1835 877 27.333860
16 1803 875 24.098166
16 2280 865 21.735556
16 2274 866 20.172602
16 2272 1345 18.992361
16 2749 1343 21.269154
16 2715 409 18.717915
16 2735 407 19.803129
16 2710 398 16.144119
17 -1 400 1000.000000
17 899 423 25.331114
17 867 1830 26.544777
17 868 1829 23.171650
17 891 2300 28.031567
17 -1 2271 1000.000000
17 1364 2295 30.477331
17 1335 -1 1000.000000
17 1355 2737 26.537779
17 406 2740 18.778831
17 399 2741 16.723906
17 400 -1 1000.000000
17 423 -1 1000.000000
17 1830 899 31.513098
17 1829 867 25.706825
17 2300 868 22.579035
17 2271 891 24.603148
17 2295 -1 1000.000000
17 -1 1364 1000.000000
17 2737 1335 23.289852
17 2740 1355 23.682775
17 2741 406 19.073214
17 -1 399 1000.000000
18 2759 -1 1000.000000
18 -1 1860 1000.000000
18 895 1853 29.573282
18 893 1852 29.275007
18 890 2328 28.289282
18 -1 2299 1000.000000
18 1362 2321 29.513422
18 1361 2292 29.613594
18 425 -1 1000.000000
18 424 -1 1000.000000
18 422 2766 21.142027
18 -1 2765 1000.000000
18 -1 2757 1000.000000
18 1860 2759 26.790911
18 1853 -1 1000.000000
18 1852 895 30.213076
18 2328 893 26.248629
18 2299 890 27.242477
18 2321 -1 1000.000000
18 2292 1362 30.474470
18 -1 1361 1000.000000
18 -1 425 1000.000000
18 2766 424 22.321589
18 2765 422 20.282681
18 2757 -1 1000.000000
