-30.138086 0.000000
-29.138086 0.000000
-28.138086 0.000000
-27.138086 13.000013
-26.138086 13.000013
-25.138086 12.700012
-24.138086 12.400011
-23.138086 12.100010
-22.138086 12.000010
-21.138086 12.000010
-20.138086 12.000010
-19.138086 12.000010
-18.138086 12.000010
-17.138086 12.000010
-16.138086 11.000006
-15.138086 10.000002
-14.138086 10.000002
-13.138086 10.000002
-12.138086 10.000002
-11.138086 9.700001
-10.138086 9.099998
-9.138086 9.099998
-8.138086 9.099998
-7.138086 8.099995
-6.138086 8.099995
-5.138086 7.499995
-4.138086 8.099995
-3.138086 8.099995
-2.138086 7.699995
-1.138086 6.599996
-0.138086 6.099997
0.861914 6.099997
1.861914 6.099997
2.861914 5.799997
3.861914 5.799997
4.861914 5.599997
5.861914 5.099998
6.861914 5.099998
7.861914 5.099998
8.861914 5.099998
9.861914 5.099998
10.861914 5.099998
11.861914 4.599998
12.861914 4.099998
13.861914 4.199998
14.861914 4.099998
15.861914 4.099998
16.861914 5.099998
17.861914 5.099998
18.861914 5.099998
19.861914 5.099998
20.861914 5.099998
21.861914 5.799997
22.861914 6.099997
23.861914 6.099997
24.861914 6.099997
25.861914 6.099997
26.861914 6.399996
27.861914 6.999996
28.861914 7.599995
29.861914 8.199995
